472.24
138.34
455.61
160.93
464.38
150.44
455.61
202.21
154.24
344.89
188.22
128.69
213.52
443.74
217.40
455.61
436.40
307.39
415.25
427.06
301.47
134.83
195.54
229.11
408.74
-159.18
193.83
194.59
205.48
427.21
335.03
303.32
321.29
227.85
199.00
199.50
293.66
104.14
375.46
310.35
147.79
211.31
186.61
322.72
122.57
158.91
440.04
213.21
323.88
335.28
433.97
330.41
163.38
436.40
338.52
299.01
435.84
342.56
138.81
472.29
114.25
-138.42
286.63
194.35
427.21
296.38
278.42
429.80
443.65
439.43
305.31
311.71
89.07
455.61
221.25
405.11
146.62
297.56
314.80
212.21
204.83
221.25
218.71
138.25
261.54
417.60
194.53
172.40
195.83
309.89
225.28
316.57
379.20
188.97
304.24
309.27
339.22
202.72
296.26
309.13
841.74
1487.69
801.21
1706.31
1149.51
571.63
1469.06
1517.27
763.73
1465.32
634.75
1505.35
1444.37
1596.44
1540.50
1435.42
794.56
646.70
1292.91
655.52
1666.78
1619.75
870.12
1151.28
631.70
1633.38
837.85
396.59
530.81
779.50
1485.98
962.00
1080.59
488.95
1411.02
776.87
1123.17
1452.37
1474.36
858.01
583.31
1017.71
1125.39
896.19
977.31
1395.95
1615.46
1575.70
866.75
1450.44
836.69
1556.03
1060.99
1482.02
965.13
933.31
1245.30
1284.65
834.04
634.15
1407.22
560.44
1179.00
944.10
1462.23
1288.73
792.15
329.64
1695.01
417.60
761.57
893.24
831.82
883.16
931.09
1358.07
1523.62
749.53
720.11
822.79
1511.45
1382.46
1030.53
1678.29
995.29
1113.38
779.20
880.57
930.38
1496.99
1537.95
1250.65
916.10
541.00
433.67
1229.57
939.44
707.74
707.99
911.00
1911.50
1542.14
1535.00
942.77
1542.72
1993.78
1069.31
874.63
1229.06
1738.71
1576.92
1310.00
1611.14
1101.03
1736.39
1751.26
569.63
1090.76
1864.76
1525.15
1092.08
1299.93
1901.01
1746.56
1728.12
1060.42
1294.45
1829.06
1032.42
1655.76
676.15
1574.13
1125.78
1262.21
1031.94
1765.72
1150.48
1423.04
1668.27
1612.79
1128.28
1538.11
776.93
1579.54
1733.58
1795.40
2022.56
1794.74
1561.73
1792.93
1279.55
884.38
1844.00
1556.71
1805.89
1123.13
1509.14
852.90
1448.34
1206.73
1543.60
1288.45
1847.37
1342.63
603.85
1785.80
1698.52
1373.86
1372.12
1868.05
1652.44
1779.75
1560.44
1296.05
898.27
922.54
1818.55
1322.94
1580.26
929.42
1981.92
1259.20
1532.96
1994.69
1430.14
1837.35
1858.20
690.98
1697.77
1176.60
1984.54
1926.01
2087.11
1925.48
988.52
1504.30
896.73
1493.73
1629.13
1645.82
1427.43
1024.25
1394.08
757.74
1396.41
769.27
1006.63
1508.55
1328.74
1601.06
1006.25
1258.46
1015.49
1221.26
1251.59
866.35
1048.04
766.73
1218.92
1086.79
1557.89
802.70
790.57
1509.82
1533.59
1106.63
1115.22
1609.60
1171.30
926.37
677.10
661.65
667.94
1924.12
1317.60
726.12
656.83
266.95
984.08
1020.76
737.67
966.42
1304.79
1458.09
958.79
1095.79
1358.11
682.96
930.86
1173.32
1856.12
920.41
642.03
1148.56
690.55
744.76
1364.82
1413.82
680.29
787.40
732.19
1143.93
1885.89
1358.60
616.37
1599.99
1375.68
874.26
868.60
1103.62
1050.45
1144.97
1407.69
1304.26
1355.72
1085.57
1423.35
679.11
694.56
1184.43
697.77
984.32
1352.85
599.45
1215.88
660.20
1930.26
585.89
847.39
1397.68
596.54
986.29
754.91
1395.44
1983.99
1101.44
1404.56
789.64
1125.07
1657.38
562.06
479.72
508.23
631.87
347.77
130.66
627.34
551.23
206.12
723.09
227.03
699.26
382.13
660.40
370.96
234.29
875.64
180.49
1070.95
228.94
727.98
97.72
488.27
587.11
280.04
417.82
834.75
426.17
135.00
963.98
126.06
392.30
624.08
484.68
260.49
1103.05
592.06
442.70
375.70
626.16
731.26
593.48
114.38
299.36
157.06
785.47
286.54
548.24
773.15
227.75
291.64
276.33
306.87
647.19
1261.98
520.46
808.03
818.02
496.13
816.83
864.09
765.82
940.20
653.00
1160.76
545.83
877.97
1155.76
1196.43
264.19
759.09
890.90
1174.02
1119.35
696.10
814.10
1066.94
1025.43
858.13
463.17
317.60
761.91
323.98
323.10
652.82
620.71
1101.72
840.47
796.31
1091.97
534.28
690.73
423.89
825.62
348.06
230.37
1118.00
794.42
736.74
803.69
1011.37
828.65
606.85
335.72
1024.97
-81.64
817.51
594.85
843.84
659.55
862.40
796.04
617.04
415.43
279.53
725.24
785.79
1246.17
866.78
473.81
955.05
788.82
1198.64
432.44
669.53
550.30
644.38
755.48
710.38
413.48
622.86
1032.41
666.44
627.74
285.78
753.98
910.79
299.54
1082.32
689.21
767.12
1065.07
790.61
330.48
559.38
415.43
1201.62
1114.98
384.38
834.01
1459.68
1108.66
1333.17
1425.90
887.53
463.06
735.27
794.83
1081.27
1476.44
775.73
1402.03
910.76
701.20
1443.26
728.21
639.37
530.82
936.74
1355.85
551.41
614.73
845.07
1472.72
1228.57
699.43
1504.67
727.43
1287.01
655.67
693.18
1013.21
559.90
570.12
767.26
1506.46
1328.58
910.41
1077.08
1255.72
1540.17
887.84
1012.02
1483.29
746.90
1066.31
1331.87
1183.48
850.73
928.24
1442.82
743.20
1551.37
1392.69
515.48
1455.40
707.04
638.34
754.53
1510.70
866.17
1072.68
786.21
1555.52
1401.93
812.78
1094.89
986.60
1419.33
669.17
1515.74
447.04
1392.88
433.62
857.14
931.15
1310.69
741.23
1458.18
998.58
870.19
297.11
763.52
1483.89
818.62
726.58
1505.38
1451.98
778.22
1486.39
572.35
956.65
640.49
1018.03
919.86
1153.11
646.52
1302.17
1417.98
637.67
1871.19
2076.36
2028.57
1921.83
1801.18
1990.00
2011.96
1984.43
2001.73
2011.23
1982.80
1819.01
1848.93
1973.92
1910.05
1899.64
1761.23
2023.99
1875.88
1912.91
1815.68
1869.49
2077.90
1982.97
1962.95
1824.27
2023.01
2054.72
1833.99
1987.94
1863.12
1850.95
1936.85
1902.39
2008.14
1743.83
1813.73
1922.51
1902.50
1798.61
1890.39
1929.99
1940.72
1848.16
1853.47
1891.88
1966.21
1726.29
2176.63
2036.56
1837.60
1983.69
1836.99
1964.64
1973.06
1823.05
1974.97
2096.63
1782.59
1859.56
1777.11
1934.04
1778.28
1913.16
2030.30
1853.02
1949.35
1830.24
1955.51
1764.52
2199.29
2058.30
1945.72
2015.49
1847.90
2095.95
1897.54
1965.16
1925.74
1783.49
1946.80
2014.24
1834.41
1884.44
1613.07
1907.15
1896.44
1993.98
1820.79
1935.90
1452.40
1861.80
2124.22
1898.19
1997.38
1726.88
1946.51
2126.72
1458.00
1906.81
1378.69
1208.30
950.22
1886.49
1492.28
740.34
1286.58
1487.34
585.90
1206.59
2175.16
1489.54
1822.59
1807.84
1538.81
2006.39
1731.68
1845.86
1739.23
1462.70
1387.22
2197.49
1797.53
1859.97
1519.00
1466.96
1574.25
827.84
1950.89
1536.53
1684.77
1567.99
1763.11
1112.10
1528.31
2034.22
621.66
1845.76
1693.19
410.84
1941.49
1947.06
1128.42
637.35
1376.28
1706.28
1915.07
722.74
1612.05
1442.42
1158.39
1500.99
1288.56
2087.14
1583.45
1052.32
1480.16
1860.32
1338.61
1911.01
1348.19
1054.36
730.64
193.14
1392.32
1266.71
1169.58
1978.36
1398.13
821.79
1514.40
1375.01
1396.51
518.03
1590.73
1598.90
1511.20
1648.95
683.45
1604.11
1133.13
913.16
1534.46
2026.13
640.39
1699.34
1485.36
1742.30
989.91
1744.36
2129.37
830.08
1335.10
1359.48
1458.50
1705.25
1772.16
1283.65
1013.20
1192.09
1495.79
1853.50
1507.44
1779.57
1847.68
1817.25
1852.18
1776.97
1393.46
1655.05
1381.43
1271.25
1152.90
1432.39
1483.56
1226.63
1492.14
1465.25
1334.42
1605.98
795.91
1515.38
1798.93
1181.43
1228.76
2141.52
1154.74
1722.43
1534.68
1943.98
512.82
1440.00
1374.08
1109.46
587.35
1500.06
1122.80
1120.00
1722.29
1288.36
902.46
1415.15
743.38
1884.68
1094.79
1971.48
1949.40
1127.94
809.65
1725.37
1684.26
1551.19
1896.54
2127.48
1514.98
742.83
1675.90
672.34
1168.46
1829.91
1935.45
763.13
619.26
1364.71
1595.63
1106.73
808.08
1656.78
1537.19
2008.63
1853.56
1852.40
938.30
1920.93
1357.35
1445.80
1664.83
1943.69
1645.55
1648.53
966.36
1844.52
1866.67
1529.01
1609.19
1443.47
526.61
959.70
764.54
1452.10
1983.42
1919.96
1214.91
1446.20
1197.50
1482.99
1681.20
1785.38
1378.12
1628.50
1478.36
1365.02
1862.10
1573.86
1095.39
1641.16
1386.37
1551.92
1651.02
1981.90
1490.73
1603.46
1759.77
1499.49
1672.11
2243.27
1796.82
2037.07
1544.47
998.98
1055.24
2097.92
1928.97
1941.45
1410.26
1628.51
848.22
528.08
1425.47
1636.42
1209.97
1073.92
1195.77
1857.82
1942.47
1609.68
1785.59
2021.31
1997.95
1768.09
1544.60
1621.11
1830.14
1497.81
2025.29
1565.36
1313.87
1784.08
1749.09
1876.04
544.89
826.12
1879.85
1535.57
1749.09
2102.46
1673.01
1886.52
1630.47
2032.43
1298.72
1782.64
808.71
1372.64
1669.96
1368.19
1284.23
1473.50
900.40
1859.71
1155.39
761.82
1593.04
1808.21
709.33
1227.76
1609.94
1840.27
1834.32
1477.87
1026.85
1013.70
905.84
1439.39
1415.30
814.24
1473.40
1172.58
1106.22
1826.74
1567.71
1016.98
1456.80
1334.74
1135.83
1586.92
606.74
1364.09
1196.73
1731.44
713.33
1279.87
960.01
1917.55
1466.95
1477.77
1736.56
1709.06
590.24
1904.47
1720.79
1005.91
1099.81
1680.48
1564.55
1155.83
1721.42
1781.21
1623.81
1606.87
1120.03
1755.19
750.65
1355.66
1293.01
1627.60
1275.78
1590.10
1867.41
896.18
1519.79
1158.96
1829.68
1649.19
1380.93
619.93
1126.07
1981.87
1617.88
886.21
1844.02
1468.10
1241.31
1791.93
1545.60
1418.62
523.97
977.68
1804.19
1695.31
913.52
961.57
1898.30
1151.50
1360.43
1783.24
1608.80
1483.69
825.84
1802.36
1667.89
1807.01
1850.26
1326.39
1486.88
1625.46
1892.60
805.38
1673.33
1655.12
1565.42
1407.85
1778.89
874.98
1609.29
1474.29
1900.67
1984.87
1585.57
1667.39
1568.02
1847.67
1703.90
937.63
826.79
1303.56
1315.13
1510.72
1829.58
2047.72
1542.78
1244.88
1232.00
1150.87
1505.39
1108.25
1944.19
1702.73
1731.70
1279.25
1637.88
1618.18
301.60
2077.00
1389.21
1668.98
1594.87
1825.46
1914.55
901.49
620.19
1171.58
690.90
1804.66
1518.95
1938.47
492.65
1406.07
1667.07
1493.12
1598.96
1482.85
1177.85
1778.84
979.34
1595.71
1622.43
1492.41
1934.67
1679.69
749.29
1572.42
558.34
1602.24
1479.51
1798.38
789.93
1464.27
1187.32
999.89
1669.91
843.52
1683.33
1672.76
1631.54
1932.21
1811.75
1506.87
1184.28
1154.66
1649.52
1229.37
1590.19
1156.90
776.66
1138.95
1256.72
1046.84
1802.44
1382.67
2032.79
516.33
1861.44
1431.79
1824.26
1651.86
416.98
758.84
1770.62
639.49
1026.11
1527.22
1514.19
1706.52
1383.17
1756.64
1382.10
1762.24
821.82
1490.05
1537.92
1135.39
1494.58
1610.81
1636.25
442.42
1142.68
791.38
1432.02
1541.39
1040.66
1135.44
876.75
1060.70
1090.88
1444.29
1856.54
1850.14
1935.66
1332.92
1933.83
1827.99
991.65
1251.09
896.43
1038.23
1479.76
1151.35
1819.97
1836.86
1497.49
785.29
1621.37
1216.99
1655.55
1772.09
1983.57
1244.54
1948.32
799.43
1649.40
1303.40
1132.56
1657.75
1409.42
1685.04
1762.96
894.81
1193.78
1527.50
671.28
1586.20
1409.43
879.43
1766.92
1519.28
2210.13
1217.85
525.70
1145.00
1541.64
1899.05
1755.29
1697.69
1355.77
1035.10
1626.91
1798.56
1370.01
1486.28
1963.75
1389.21
1649.24
1435.75
1695.42
1828.45
1778.67
1855.91
1304.14
993.57
1086.19
1449.39
1588.93
975.61
1854.43
1559.98
774.99
1526.83
1936.03
1488.73
1159.49
985.16
1487.23
1206.03
839.65
1373.43
877.29
1425.54
1263.87
1324.04
1624.09
1047.31
1254.21
1250.39
1204.11
1500.41
1708.29
750.27
1687.28
1218.07
457.29
629.12
907.51
1461.91
996.27
1640.82
1202.92
1410.39
565.51
1746.99
1128.25
1542.33
1187.35
1622.66
1914.62
2132.17
1663.68
1267.26
598.61
1815.73
1533.95
1555.09
1408.17
1615.05
1854.64
1527.80
1511.24
1423.16
1066.51
2013.37
1806.00
1893.18
1069.97
1370.16
1555.26
1651.77
1449.44
701.57
1852.40
1500.61
1850.31
1452.63
809.32
1764.19
1817.96
1386.62
1990.74
1479.11
1503.88
722.06
1479.95
2034.31
1493.86
1639.68
1893.62
1714.92
1547.14
1852.09
1504.16
1500.10
1556.97
1641.89
1613.35
2153.21
893.92
756.72
1780.25
1544.46
1295.89
372.33
1349.01
788.70
941.66
1872.81
966.47
1542.21
1717.27
1715.85
1434.14
1851.14
1278.08
1103.54
1493.57
1918.08
1590.62
1670.70
1235.48
1406.28
832.93
1544.26
1564.64
1315.57
1488.19
1675.07
1554.83
1249.15
1710.18
1506.98
1612.08
1784.53
1159.18
1871.56
1484.11
1794.60
1047.91
2015.94
1629.23
2069.81
1270.21
1055.41
1937.06
1766.12
1567.00
1006.70
1484.67
1818.11
1565.45
1551.62
1404.85
405.44
1653.89
1007.66
1335.45
1358.25
2236.60
1325.54
1435.38
1738.49
1038.38
677.32
1358.56
1527.50
1428.78
1544.08
953.41
1117.86
1491.76
1495.02
1465.55
1505.25
1818.83
1680.48
1195.46
779.61
1462.41
1777.76
1621.70
1445.28
1473.02
360.12
1130.08
926.19
824.24
1373.94
1674.14
1652.32
1826.33
1280.99
1742.88
862.93
1606.53
1850.58
1120.61
2064.07
1220.42
1829.08
706.99
573.49
1506.25
1107.77
1780.59
1177.28
1809.62
1587.51
1460.46
1615.35
1211.05
928.04
1764.26
1715.90
590.56
1233.59
869.77
1150.09
866.56
1474.10
1484.85
1594.74
1988.05
677.81
833.16
581.62
1348.27
1143.49
1585.52
1076.45
2194.48
1586.82
315.57
1547.51
1278.32
711.64
1217.52
1459.19
872.37
1765.28
1383.01
1765.36
867.52
452.81
1510.95
1132.03
1561.95
1555.86
1162.34
1677.56
450.74
667.97
1641.82
1692.27
689.02
837.22
1159.06
1454.11
1474.94
1415.48
1782.18
433.86
1372.69
860.17
1533.16
1646.00
1778.08
1685.57
1484.69
1906.25
1416.78
1926.85
1215.36
1619.02
827.46
1490.39
1250.91
816.59
1555.07
1663.64
1591.43
1625.04
1529.92
1641.70
1479.82
1124.64
1369.91
1200.29
846.93
1752.92
1598.37
1521.25
1324.92
2038.64
1775.08
1777.83
430.02
1139.25
1196.85
2005.95
1551.45
1105.58
1492.93
966.08
1870.30
1661.39
2141.91
1631.69
1386.50
1022.55
2002.33
1753.21
155.08
1308.49
894.74
1370.33
1613.37
1504.36
1522.55
1620.19
1513.11
1953.26
1483.61
1190.04
1158.73
1654.12
763.07
1482.38
1545.44
993.46
646.91
829.41
1310.21
1031.31
1625.88
962.37
1878.90
1728.68
622.46
1491.74
1446.48
1302.57
1277.49
1309.11
1828.83
1512.00
1899.14
2090.83
1862.97
1671.57
1389.50
1128.17
1434.30
1525.86
1709.04
1749.70
556.52
1820.66
1882.39
1828.54
1781.97
1375.25
1354.89
1087.36
1185.12
1801.29
719.33
345.91
886.48
494.72
1262.94
1019.47
885.44
679.78
918.07
1661.34
1487.47
597.47
1192.55
1869.60
888.59
1808.82
1848.36
1425.63
1645.70
404.34
1471.46
1458.97
963.10
1242.36
1422.21
1191.23
1937.71
1099.78
1533.22
707.26
2137.06
1230.83
1923.61
1139.36
1406.14
1249.22
1624.73
686.52
1448.85
431.47
1455.70
1655.18
1896.98
517.32
1756.36
794.90
1077.26
1015.38
1250.57
1658.78
1401.00
1531.02
1547.33
928.80
645.93
1153.56
1961.65
1828.62
1176.95
1998.54
1885.43
1640.24
1042.74
1570.56
1494.48
786.79
1682.82
1178.39
1819.65
1368.18
1367.57
1662.40
1471.04
1454.98
1703.32
1795.02
1651.03
1474.71
1262.16
1551.58
1794.79
1034.97
1694.12
1007.41
873.40
1709.88
1565.29
1957.52
1050.39
1120.09
1200.88
1055.79
1868.09
1204.23
2018.49
655.16
1345.90
1430.11
1387.72
1454.43
1833.34
1996.89
1532.99
1246.04
1308.11
1732.23
2106.97
519.84
1895.09
782.67
1033.95
1754.57
1053.85
1454.63
589.79
1901.74
1530.19
1984.98
2013.47
1218.76
1646.57
1509.39
1997.72
1650.80
1476.35
903.38
868.48
1579.85
811.39
1705.65
1347.84
1352.30
2202.15
1601.58
1539.84
1565.74
1155.41
1750.24
1776.01
1895.49
602.81
1083.12
1031.13
1443.26
1845.14
1789.29
1494.16
1923.82
1643.83
1497.25
1676.97
1774.07
1561.36
1966.02
1092.48
1421.06
879.04
1688.75
1368.03
1700.95
561.57
1250.86
859.10
1232.67
1289.38
1227.67
570.37
1393.59
1410.50
1633.80
1180.61
720.86
1137.24
1671.11
304.29
746.86
1643.16
1715.51
1243.08
1775.88
1631.79
1728.68
1621.14
1601.55
1652.57
1378.02
1766.20
1554.11
1238.94
740.93
1130.78
1110.06
1523.01
600.77
1515.35
1885.06
1650.82
1383.37
1486.62
989.14
1740.04
2110.49
1480.72
1284.97
1790.94
1166.04
1387.90
1512.12
1637.04
969.93
1206.23
1872.37
1778.48
1946.69
1393.04
1641.26
1809.23
1664.76
1988.62
1755.43
1517.04
1675.82
1421.72
1781.30
1415.85
1626.74
1411.73
1488.78
1619.82
1447.11
587.00
664.71
1736.83
1649.79
1214.99
1110.55
1100.51
1516.08
1233.72
603.74
680.76
1578.82
1641.75
1446.00
1512.24
2045.99
1942.77
1937.19
1286.77
1617.44
665.59
1363.61
959.24
1812.72
698.18
1792.61
1149.83
1757.82
1492.67
1401.84
1645.32
954.30
1477.92
1768.16
503.24
1397.82
1263.57
1569.85
1446.97
1532.84
643.59
1376.39
1440.24
185.96
657.15
1952.91
1569.94
876.86
1151.06
1812.20
590.60
683.29
1938.18
1707.61
1202.33
1852.86
1848.63
1303.20
1500.93
1176.82
1863.64
654.29
1592.23
1617.02
2093.89
673.78
1782.87
948.61
1541.88
1523.82
721.14
1242.08
1594.43
1503.16
771.07
1381.28
1850.60
1516.93
912.80
1477.41
1358.23
1678.44
1884.15
1856.23
591.76
-97.84
901.58
1634.59
1734.25
1526.56
1602.08
1596.02
1736.45
1729.28
1721.79
615.59
1769.33
1925.11
1522.75
1746.61
1902.79
1398.03
1893.09
1470.02
1171.66
1414.44
850.79
1677.53
1518.15
1807.99
1239.17
1534.88
285.09
1835.10
1416.70
1457.59
533.01
884.49
1791.46
1577.85
1713.83
1093.35
1810.24
1419.82
849.06
1879.18
1385.78
970.69
723.72
1201.37
1857.81
1921.90
1401.36
699.59
1172.52
1121.68
1004.60
1706.98
1227.86
1328.05
1285.40
1517.89
1327.16
1826.48
877.63
1467.29
1893.79
1676.88
413.28
1921.62
1473.95
2163.28
1781.21
884.53
1174.06
633.26
1669.05
1729.95
826.44
1109.46
1704.21
599.22
1115.36
816.43
1616.54
1505.32
2137.14
950.42
1245.04
1171.76
1588.74
1931.05
752.77
1848.08
1389.55
1426.93
655.41
1664.01
1549.72
1893.36
1770.89
690.20
1623.73
1223.57
1851.80
1311.16
1629.79
1726.53
700.28
1182.93
985.12
978.17
1450.16
1554.30
1714.84
1468.10
1405.26
1502.26
1276.54
1405.03
1492.60
1998.91
1038.88
1815.74
1582.73
1659.70
1496.29
1049.63
1464.22
1950.62
1653.50
799.23
1553.24
1514.97
1992.63
1664.60
1708.17
1825.29
1441.10
1537.68
1644.12
1745.60
1152.45
1549.79
756.66
1759.32
1858.77
468.35
1665.59
1856.01
1849.14
1426.04
1426.12
761.09
1097.97
1904.98
1115.48
1783.22
1208.74
668.17
1537.82
1538.89
1417.06
1839.67
1270.81
391.73
880.98
1772.43
2074.69
1848.24
1693.56
1977.16
1309.83
1557.18
1647.99
1700.27
1324.82
1499.57
1464.70
1675.63
1071.02
1618.53
1531.45
1161.37
883.38
668.10
1976.12
1295.81
1436.65
826.56
1151.98
1449.89
1596.62
1055.33
1319.74
1749.51
790.72
1952.19
893.58
734.15
1712.94
1094.57
1697.72
1904.88
1091.81
1795.43
1897.51
1899.66
760.38
341.06
869.46
1542.48
1810.02
598.52
1745.58
1816.50
1384.85
1653.39
899.35
750.69
1664.58
771.57
169.87
1310.23
1902.63
1670.39
1662.12
1919.02
1180.37
2069.45
1658.76
1409.51
1379.12
1718.13
899.32
1500.49
1367.95
1761.57
1216.53
1671.61
1244.33
1622.21
1598.25
1435.52
1522.65
1233.87
1764.65
1065.34
1816.54
2096.97
813.40
1882.22
143.96
1986.87
1365.00
1727.01
1753.27
945.84
1808.12
1966.47
1660.79
1608.39
721.36
1489.75
1699.55
1579.85
1470.58
1756.47
1101.18
1950.07
1581.14
1328.19
240.18
1895.97
451.00
287.28
1221.34
884.05
1750.65
1820.15
1446.02
1811.67
1643.11
1506.33
1531.28
1049.91
836.36
1729.94
1275.93
1599.32
987.95
1482.84
1717.76
1592.13
1523.52
726.64
1130.79
1456.62
1803.82
1006.03
602.65
1225.52
1179.83
1363.36
983.26
1617.24
1610.81
1759.57
758.96
1855.69
817.83
1936.32
1964.81
1500.32
1189.47
1499.46
791.94
1957.13
1315.50
1017.63
1630.94
1010.02
868.83
557.55
775.28
562.57
1981.35
1871.74
1568.06
1249.00
1194.19
467.82
1510.30
1776.07
1155.33
394.09
1642.74
1628.70
563.36
1378.47
663.46
983.43
1152.34
2045.56
583.04
425.94
1278.91
1925.71
1495.36
1904.99
1898.06
1252.24
1623.29
1905.28
1264.06
898.05
1021.46
1633.22
1274.27
1615.59
982.96
1553.49
2120.90
1679.98
1196.12
1876.79
1963.37
1389.27
1666.53
1431.59
989.14
1908.86
1366.54
1258.15
1553.71
1804.91
1509.78
553.75
1478.66
816.88
1019.17
263.17
1629.51
1841.59
1704.12
1230.30
1235.87
1703.02
1963.66
1656.36
1153.73
1480.62
688.35
1859.87
1849.47
1045.77
1801.05
1300.42
1733.31
1879.86
1637.21
667.22
1028.36
1528.58
1865.84
1577.81
1242.13
1234.72
1345.31
1190.48
1802.67
1507.09
1822.41
1549.79
895.38
1791.92
1489.51
1676.94
1091.46
1570.82
985.23
1018.84
1464.09
1613.86
1591.83
1543.16
1794.27
1279.13
809.66
997.29
1776.68
1631.99
1648.02
1366.99
1229.88
1322.89
630.64
1992.53
1124.70
1898.75
970.07
1639.24
634.24
1478.98
1246.92
941.66
434.45
1659.87
1764.20
591.15
1117.87
2060.66
1844.94
1102.36
1881.36
1540.17
1592.01
1665.36
1490.91
2154.85
973.93
619.04
2044.65
1690.18
1381.61
1808.00
2209.18
1542.56
1623.05
1593.20
1408.70
1205.10
1258.65
1157.76
1649.28
1477.53
1948.05
1563.98
1577.95
1574.58
1625.40
892.23
1826.44
1098.81
1448.77
1412.21
1662.66
2032.60
575.19
1174.20
1401.23
1956.19
1799.72
1163.61
1925.35
1677.33
1674.08
1776.09
897.64
835.50
1805.13
333.25
1876.96
1898.92
1908.72
1747.16
1418.08
1504.02
1543.77
1826.78
282.18
1640.66
1238.54
1228.95
1972.61
1007.91
1178.67
1516.56
1593.20
1658.99
1495.39
1529.67
1307.50
1820.30
838.54
1402.09
1150.89
1191.58
625.13
694.96
833.52
1605.26
439.51
1577.81
835.29
1514.69
1879.75
1929.84
1498.32
1818.49
1496.11
1351.97
1633.64
1932.42
1185.91
626.07
1191.97
1744.24
1593.36
1822.01
1992.35
717.96
350.77
1723.68
1019.95
1817.17
861.94
1817.29
1108.73
1618.95
1223.89
1103.00
1320.85
1361.67
1937.40
1221.64
2006.91
1538.82
1297.94
1607.94
1180.79
1923.78
1746.96
1532.35
957.14
2131.66
1159.72
798.39
1603.70
1293.85
1661.84
843.37
1268.92
1246.66
1585.05
1621.15
1965.47
1203.11
1432.82
1537.25
542.37
1687.07
1561.61
1850.81
1861.72
564.99
690.67
1638.29
1875.38
1210.60
1837.59
785.43
1137.08
1421.37
724.36
2219.69
1426.79
1123.31
1891.09
1471.89
1448.77
1020.03
871.78
1471.36
1590.74
1783.19
1496.81
1195.11
1697.31
1167.87
1853.31
1704.36
1499.03
1824.62
221.21
1678.81
1271.06
1701.77
657.68
700.40
1948.72
1824.06
1214.78
993.69
1562.50
1923.20
1725.35
1400.55
1651.21
1647.79
1285.31
1640.63
1641.67
1482.95
1136.09
1302.01
898.46
1809.02
2023.31
1641.94
1948.89
2170.22
1835.09
1605.85
1654.24
728.80
953.72
1528.74
809.25
1486.92
1494.71
1860.82
1125.70
1791.07
1732.46
1660.08
1686.52
1509.12
1819.51
140.06
951.35
684.81
1406.62
766.71
1904.18
1210.70
2134.97
1626.12
1314.79
1049.79
464.26
919.54
1776.19
1489.63
1654.10
958.35
865.74
1455.77
1343.94
1603.77
963.24
999.18
1580.40
1658.59
1936.41
905.45
1348.87
493.77
817.10
1764.28
1445.38
1810.08
1542.57
1559.75
1542.81
1824.41
1555.89
1004.10
1911.87
1516.04
1613.11
643.40
1471.57
1785.16
394.84
1855.75
1854.11
1078.29
1484.32
956.26
1713.92
1194.18
1437.98
1485.28
1502.97
708.64
1722.03
1650.11
1668.59
904.97
1107.70
1964.71
349.82
1789.66
1906.11
918.98
1451.89
1928.28
1560.32
891.78
1865.03
1189.62
1298.34
1046.68
1831.80
949.48
1338.90
1956.60
1595.32
1216.43
1662.38
1781.58
1351.69
1088.32
1568.76
1163.63
617.19
1199.42
1445.32
413.36
1610.31
493.79
1505.10
1250.17
1696.50
1716.78
1868.29
1454.45
1555.67
412.35
977.65
1432.13
1852.24
1177.28
1636.22
1900.65
1208.90
1442.11
1357.52
1226.91
1535.69
459.91
2192.52
1448.70
1000.29
753.70
330.09
1856.66
1446.30
1465.23
1894.84
1778.19
1282.10
1617.80
1568.62
1046.34
1847.63
1624.25
1608.12
1627.67
1484.87
2054.87
1453.88
1681.36
1001.93
991.17
1669.73
1788.96
1412.62
1048.17
1959.17
1461.27
1868.24
1697.15
1608.60
1460.78
1191.02
1532.45
1375.77
1933.74
1215.85
1833.35
1713.14
1650.38
2164.62
1333.67
1432.45
1625.14
1532.93
1418.76
873.88
943.11
1640.16
1529.05
1804.13
1616.98
1287.90
1002.17
1150.79
995.85
1894.52
1602.67
1286.17
1841.77
1411.08
1699.28
2085.62
1828.07
1674.42
1600.04
1668.86
1232.48
588.00
1653.82
2026.44
1781.11
1807.90
2291.53
1730.74
1835.58
1269.03
1035.93
1308.07
1709.59
1596.65
1673.62
1263.12
1651.90
1666.86
836.70
1753.74
1413.42
1919.84
2109.49
1266.89
871.41
1625.65
1789.01
1860.19
1680.94
1148.08
1959.42
1818.95
1908.74
1483.18
1563.84
1924.02
422.28
616.75
1416.98
874.94
1487.71
1154.83
1673.07
979.09
1251.96
1172.98
1227.05
1715.67
1642.13
1323.65
1204.41
1769.42
1271.53
1543.95
974.04
1994.68
1514.89
1530.50
1386.63
1496.16
1733.81
1333.47
1062.79
383.20
915.11
1625.06
883.87
1456.15
1505.02
1588.63
2192.17
1852.90
1720.31
1597.77
1735.91
1423.65
1822.81
1436.40
1503.77
1863.85
2027.18
1414.18
1733.05
1590.12
1527.41
1857.44
1037.20
841.55
2072.67
2012.41
1402.65
1026.63
1666.59
1939.87
1518.06
1676.68
1314.73
1957.68
693.12
1727.95
671.18
1268.78
1600.94
707.70
1485.98
1322.15
1870.54
1771.24
1624.94
1128.05
1150.59
1391.94
1910.09
1800.06
1540.49
1703.92
1289.16
978.24
1691.26
1186.26
1650.59
1189.00
1539.63
1858.31
1958.34
2004.94
1474.64
972.00
1841.34
1092.08
1659.71
1416.83
1661.68
1247.21
992.12
1217.09
1670.80
1507.75
1552.16
1009.92
1720.51
1609.20
1835.16
1989.83
1790.82
436.20
1402.52
1095.04
1412.25
2258.46
801.03
1622.06
1859.43
1186.15
1335.41
1867.61
1751.57
1593.71
1624.92
567.45
793.32
1190.70
1524.76
1547.98
1652.48
1639.87
1605.74
1524.68
1556.78
833.99
1681.60
1854.97
1885.89
1864.92
1825.17
1507.55
909.17
1023.35
1677.88
933.29
1569.49
1523.19
1515.45
937.52
1728.24
1962.29
895.58
1445.27
898.29
969.07
1710.49
1302.38
1763.69
1819.02
1548.72
1015.49
1462.16
971.05
1305.56
1607.45
1093.32
1650.03
1534.27
965.03
886.13
1518.28
1018.46
1860.29
1282.34
1292.59
1750.77
1415.84
798.23
1200.83
1494.41
838.13
624.43
629.26
406.41
1370.73
1869.70
747.75
1652.40
1654.00
1667.47
1566.43
1829.22
1893.29
808.66
1515.60
2183.98
1585.63
1790.95
1349.04
1395.35
1700.75
1309.91
1304.79
1125.35
1608.57
1675.45
1469.25
1160.64
1633.16
633.91
1058.92
957.84
1638.25
1051.99
1403.43
859.09
927.54
1446.40
1011.65
951.97
397.63
1762.68
693.85
820.07
1848.22
651.93
2003.66
1348.74
1644.33
1822.72
1495.95
924.69
1804.70
1863.40
1829.46
769.30
1071.06
1109.71
1630.03
618.65
1433.61
1791.14
1460.16
1945.40
1139.56
1110.34
1636.34
1542.47
1977.75
1927.43
1500.49
1679.75
1892.55
744.16
1620.36
893.44
1735.35
972.68
302.98
832.78
1288.76
1740.80
1859.77
832.71
1491.56
1317.71
875.87
1403.83
1649.45
1405.15
1574.41
1842.30
778.43
1611.76
837.57
1802.26
1094.63
1246.12
1132.74
2025.20
1380.07
1343.46
1908.75
1661.52
1239.96
1907.32
1707.59
1395.33
1964.23
1745.54
1098.49
1499.50
1167.67
1663.38
1163.55
1690.89
1166.19
1599.24
1646.17
1946.76
1793.53
2241.34
2089.29
606.51
1484.19
1987.77
1542.84
717.00
748.88
1101.28
2027.79
1356.62
1447.90
1746.92
908.61
1668.54
1586.61
1733.36
581.87
994.80
1728.04
1750.08
876.21
1155.02
1937.69
1780.27
1739.48
1725.38
1111.35
195.25
1877.58
1459.45
1167.23
2241.51
1499.64
1424.31
1268.15
1572.93
1702.28
1825.31
1791.92
851.22
1484.15
1325.72
1655.57
1934.16
1522.96
1673.84
1418.95
1750.37
814.97
885.39
1150.52
1411.08
1668.73
1203.05
1862.73
1314.91
1482.72
1499.90
1415.61
1108.32
1191.80
1897.66
1909.68
1215.58
851.36
1064.83
1432.25
2033.24
862.85
1806.24
1269.40
2202.35
1460.93
1998.34
684.44
1601.52
1420.13
1042.76
1490.78
1184.52
978.91
1506.53
1251.14
1390.50
1570.71
1537.76
1643.52
1491.08
1506.84
1359.25
2235.20
1503.08
1438.27
1077.65
1206.84
1883.76
1593.23
1567.52
783.26
1424.50
1778.04
1648.88
1804.51
2056.98
839.03
1539.75
1745.58
1605.83
904.65
1841.22
625.70
1500.49
1647.01
1556.67
1332.33
797.48
1156.71
1791.11
1027.75
1554.30
1385.94
1554.97
1751.95
1233.64
1504.61
1630.25
1645.62
1676.22
451.59
1285.75
1129.84
1809.71
1862.51
513.59
1251.86
1335.36
1673.34
1889.12
1284.61
1877.36
1862.25
1021.17
1588.21
1973.88
1452.41
1524.37
1460.64
833.19
1844.08
1381.15
1301.22
1436.37
1786.33
1351.73
300.13
1249.02
1924.36
533.03
1499.54
1633.27
1385.86
1505.45
893.00
683.64
1745.96
1642.58
1182.37
1128.16
1938.34
1183.11
1828.67
601.88
1630.47
775.34
1249.10
1351.76
839.71
894.84
1488.27
785.82
1858.45
1403.96
1320.27
1857.74
1358.01
1448.29
1629.40
1316.10
1299.55
1360.43
1421.40
1707.43
904.67
848.26
931.31
578.01
2116.12
1710.32
1293.97
1180.75
410.76
1198.56
1414.49
1426.54
1191.60
2230.37
1297.03
1360.97
1525.00
1764.68
1763.55
1483.62
1729.09
1379.92
1769.59
1844.83
1518.11
1579.72
1370.43
777.42
1711.69
1296.71
1208.22
1820.19
1904.77
1769.37
1177.58
1670.05
866.98
869.90
1877.95
1240.30
1728.79
406.97
1444.90
1851.89
445.99
1542.00
1641.40
1885.57
219.96
1417.45
2063.95
1988.89
605.98
1318.60
1587.67
1920.44
1690.34
1957.87
1423.53
1511.09
790.36
1557.28
1033.98
778.54
1512.98
-144.70
1867.92
673.30
734.91
1543.73
1313.02
2192.01
1280.01
1971.86
1953.19
884.62
1969.09
1122.96
2058.45
728.00
631.56
1641.93
1673.59
1540.25
654.41
1736.58
2182.32
1155.15
1157.29
734.72
1792.10
1800.44
1620.43
2028.32
1650.37
1580.19
583.13
1125.78
1728.49
1990.47
1793.73
1845.27
690.74
1626.92
1090.48
1954.10
1324.67
1350.87
1675.29
1436.78
715.35
1820.38
1341.52
1504.84
1990.01
1367.38
1345.27
1486.02
1983.09
780.97
854.07
1959.86
1814.90
602.88
1615.11
1577.54
1513.04
1882.68
1833.45
1376.35
911.18
1682.36
1472.64
1256.25
791.23
1485.53
982.78
1482.37
1364.22
1565.12
1918.91
1695.35
1021.90
1632.32
1114.77
1196.57
1404.56
1866.44
1746.54
1630.26
1732.12
1368.15
1972.51
1618.72
1803.94
1901.54
1213.63
1365.00
1556.92
1207.69
1675.73
1718.79
1854.22
1513.93
1662.00
1908.78
595.69
1298.21
743.01
1736.96
1609.96
1663.63
1382.66
730.27
1365.13
1381.01
1466.70
1212.69
1766.83
1934.55
1143.34
2045.54
755.55
1537.62
1015.24
1661.50
1228.04
1109.69
1657.44
1530.44
1161.08
653.84
1417.76
1485.83
1484.67
1808.06
1689.53
1578.80
1791.95
1751.44
1357.45
1542.07
1353.49
1274.61
1482.12
1959.83
954.26
976.63
1937.05
848.68
1796.97
1533.57
1570.83
1375.23
1749.46
1436.46
1921.49
1786.78
924.76
1797.97
1167.69
799.32
1296.63
866.29
1846.21
1880.19
1522.18
1495.58
1647.31
317.07
1615.51
1186.09
1206.84
1748.89
1143.49
755.40
1738.02
906.96
1387.79
1776.33
875.66
1485.17
650.94
717.87
1342.70
1856.53
1084.48
1304.69
1595.32
827.65
1946.78
1654.86
1605.36
1624.64
1429.80
1282.15
833.55
1728.94
1857.54
803.83
723.27
546.34
1642.09
1827.08
1166.43
2005.36
1299.28
1223.89
1901.61
952.59
1980.44
922.42
1395.95
1534.94
952.89
1809.72
1304.99
1156.60
1732.09
1382.46
963.71
1781.13
2015.29
552.74
1571.58
1217.57
1215.07
1414.56
1653.55
1366.82
1975.73
1681.50
1321.68
1241.42
915.83
1821.95
1543.06
575.42
1453.48
1919.39
2170.30
720.01
1799.05
1681.57
770.72
287.09
1464.42
1413.36
1375.71
1109.08
858.26
1544.06
1748.86
1454.75
1774.97
1633.29
1471.64
977.89
1601.54
983.04
1235.91
1509.48
984.22
1087.19
622.07
1051.46
1758.90
2067.80
1723.54
1870.98
1234.28
1594.08
1664.25
1282.04
1344.40
1888.71
1232.41
673.57
1664.21
1986.38
1550.38
1430.63
1502.54
1925.74
953.42
886.35
1448.54
1531.79
953.27
989.48
1158.31
1166.39
1779.12
1465.30
1332.81
1860.80
1660.10
1632.32
352.69
377.12
1923.77
1660.39
954.31
1803.86
841.61
1077.30
624.87
1638.34
1247.45
2101.24
866.24
1583.03
1438.79
695.07
1854.16
1196.57
666.79
1282.51
1733.66
1615.90
1300.17
1902.26
1469.56
616.61
1837.28
2050.84
1434.59
1988.56
1176.60
2214.08
1216.64
1744.99
869.44
1424.05
903.73
1208.18
1579.03
1540.13
1309.45
1583.90
781.24
901.19
1543.08
1205.89
1921.22
1942.89
1544.27
669.93
1225.09
1094.90
798.41
1661.36
955.08
1470.07
1424.12
1469.10
1292.78
1705.28
931.19
935.54
1742.57
1358.16
1848.88
916.47
800.21
1847.33
1113.09
1319.61
1646.75
1538.28
1302.58
265.47
1814.44
1348.21
1877.51
1118.58
1468.97
1352.34
1946.14
1698.48
1677.61
1593.26
1832.35
751.50
1970.90
1511.23
1483.63
1714.83
1726.18
1468.39
1371.89
1832.16
1742.37
1173.51
1717.28
1394.15
912.93
849.85
1550.38
1977.48
1116.47
379.22
1674.63
765.48
1577.85
1311.60
1177.49
1507.00
1588.21
1556.15
996.04
1728.29
1216.38
1151.23
1152.44
1462.19
1501.36
1545.52
814.47
1301.45
881.58
1789.21
1231.93
1631.60
1046.91
2191.90
1779.44
1219.19
1869.67
1227.13
1400.91
1516.78
1224.59
1434.44
1504.24
1386.75
657.34
1532.24
1437.79
895.77
2046.60
1274.39
1843.18
1018.71
1396.63
980.28
1909.95
1504.66
1881.05
1673.12
1613.14
1405.79
1022.35
1662.29
771.89
1420.81
1027.11
1209.17
1141.72
2039.35
1745.49
1507.47
1265.20
1024.46
1667.25
2102.80
1797.30
614.23
1293.78
969.09
1617.10
1443.23
1113.36
1721.54
1499.23
255.69
1538.31
1778.35
1503.01
1691.28
1018.98
1880.21
1993.24
1100.94
545.66
2102.98
1111.58
1717.98
1734.33
1421.46
2008.20
1104.02
1682.03
1751.91
515.71
1358.04
330.68
1719.07
832.78
844.86
1810.63
2093.78
817.47
1483.87
1568.62
2016.88
1801.76
300.08
1598.13
1155.22
1897.93
1358.90
1988.43
1949.28
2039.25
1442.56
1648.68
1203.67
1438.50
654.03
1666.51
1491.02
882.74
1130.42
1680.56
1470.90
1825.48
269.90
1700.49
1715.66
1056.92
1117.43
793.60
1545.83
1211.58
1187.27
1345.56
1051.99
1567.27
1500.78
1094.88
1411.49
1625.92
1401.07
1539.96
1390.19
1829.36
1890.57
1143.61
1187.50
998.15
1605.34
809.09
688.09
1259.48
827.40
1882.30
1363.74
938.62
1809.71
1127.02
1884.17
1330.29
1189.68
1329.99
732.25
1326.49
1283.82
1338.36
1890.05
884.92
1314.32
1481.09
1743.58
564.88
1437.14
1417.72
893.48
1921.46
1776.37
1131.51
1352.95
596.81
1681.83
1639.76
1399.43
1306.35
885.41
2043.20
1241.83
2078.92
1195.51
801.56
1970.69
1221.60
1513.42
1161.81
517.97
1511.52
1324.83
1315.44
809.83
1381.06
1339.67
1060.44
1514.50
753.57
1416.67
1101.22
1371.34
1465.98
1656.95
1945.18
1267.28
1298.79
1995.88
937.53
1666.55
1171.39
1528.19
1176.60
1197.21
1590.74
1635.82
1586.83
949.96
1187.79
2052.40
1693.13
1814.42
1361.66
1937.85
1766.65
2103.13
1554.62
1549.78
1543.99
1893.71
1509.80
1156.36
1407.38
1547.52
1378.75
602.38
962.65
1849.40
1266.53
1572.99
1984.07
1421.31
1554.39
825.96
1525.05
1873.75
370.19
1488.32
1389.49
1567.21
1673.12
1161.09
1387.93
763.24
525.80
1331.18
1699.66
1969.65
1852.85
1753.21
1432.44
1695.88
1709.85
1978.95
881.73
1785.85
687.39
963.00
804.47
1529.72
1059.94
1612.06
1146.42
1534.50
1592.22
1765.50
1400.40
1446.97
1747.57
1287.84
1626.03
1887.71
652.01
1035.33
1237.31
1734.90
1255.91
1407.12
814.79
876.82
1440.35
1784.88
1047.54
774.38
1200.85
1743.44
1401.01
1411.09
945.68
1752.20
1639.15
1567.24
1700.11
1431.83
1323.91
845.04
1228.12
834.29
937.93
1771.29
1606.25
1294.19
2000.38
879.06
1178.77
1030.94
963.21
1074.49
1361.55
1552.53
1448.89
833.09
1526.44
1770.55
1480.36
1299.70
1739.79
1383.66
1961.60
1332.08
1137.01
1420.14
1713.64
1286.53
1036.80
1630.65
1198.20
587.68
1688.24
1579.73
843.43
1169.42
1279.40
880.49
1645.47
1205.30
520.08
1163.82
1642.77
1601.92
1677.04
1796.24
1480.13
1459.39
1672.17
1722.61
1631.31
2026.69
1915.37
1644.54
1789.69
1207.06
1366.23
1262.82
1181.25
1731.48
1349.10
1185.80
1712.92
722.89
1892.55
1240.42
989.86
1004.62
1977.38
1555.57
1509.85
1685.80
1435.57
1620.78
910.80
1436.51
923.78
1481.30
1203.20
1006.09
1463.21
1517.38
923.63
1242.15
857.84
1543.73
1838.60
621.32
1173.51
710.48
1486.77
583.10
997.92
809.30
1451.66
1613.52
2008.02
2156.48
1398.69
1630.37
790.82
938.36
1896.81
1606.51
1314.44
1450.56
1500.62
1311.16
1919.69
1575.07
971.40
2077.40
2072.32
1989.95
1630.49
1570.64
826.54
1552.41
1210.44
1505.51
1500.01
982.94
524.32
1996.57
1338.46
769.70
1452.15
1649.91
1254.99
1615.04
1875.57
1043.43
904.27
1256.67
1783.14
761.69
654.07
606.09
1931.21
1689.34
1404.40
1842.42
1282.79
1963.04
1612.44
1391.88
1636.51
1961.35
1435.18
1376.54
1520.10
973.96
754.26
1545.90
1563.69
1660.57
1600.69
885.94
1855.94
1849.74
1759.64
1928.80
1639.36
1793.33
1422.31
2234.44
1734.57
1206.08
770.00
806.64
1719.69
1034.40
1595.63
1683.16
1444.38
1137.37
1406.63
1282.67
1597.84
818.05
1319.25
1755.91
801.77
633.08
1068.60
1672.06
1509.47
1122.83
776.61
1406.39
1481.18
1467.00
1468.19
1182.88
1667.01
1257.44
1437.50
1398.00
1830.38
935.33
1723.56
1773.58
1512.43
529.39
600.26
1844.09
1113.36
878.00
1575.84
1018.70
1676.53
1419.19
1700.81
1819.69
1738.17
1470.77
1932.51
1880.27
1263.57
1362.03
1486.93
1601.48
1141.34
1083.77
1486.16
1334.83
1213.87
1656.01
1691.87
1288.66
1489.01
1728.11
698.06
730.94
1718.30
1458.18
1386.03
1717.05
1630.14
1232.10
1084.96
1667.72
1391.23
1001.49
1797.35
1442.55
1801.55
1579.18
1777.36
1130.78
1458.30
1725.26
1766.18
2192.80
993.51
629.09
1312.61
1543.50
1005.59
762.30
1774.42
1149.97
1808.86
1193.83
1765.32
1880.28
1689.92
907.74
1516.71
1634.83
1089.77
718.55
551.61
1240.85
1891.58
1633.57
688.66
1389.53
1482.00
1723.09
1541.49
1939.50
1986.84
1797.36
1483.03
1990.63
928.33
1125.47
323.38
1712.75
1527.32
1319.59
1499.64
1632.31
2152.05
1798.10
1691.82
1500.09
1445.25
1546.00
1694.04
1976.38
1946.09
1394.87
778.62
1661.62
1457.28
1240.98
1423.52
1409.29
1897.47
1062.07
932.48
1261.58
433.75
1519.98
1584.00
1645.60
1475.58
1234.42
1157.18
1335.97
1029.36
532.44
1552.56
804.64
1634.31
919.06
1860.11
580.19
1897.64
1826.36
1715.56
1609.34
1894.73
1330.28
1858.91
465.63
1222.76
2159.46
1051.07
1246.74
1509.75
1598.78
391.26
1433.62
1478.41
1370.06
1881.36
1826.37
374.82
1582.68
498.15
1606.75
1379.12
1651.83
1459.60
1715.31
1974.33
543.76
231.68
1381.96
1167.65
1156.36
1294.37
927.63
1713.53
527.13
1872.98
1494.25
831.51
816.30
1200.53
1727.24
1805.09
672.90
1653.54
1525.07
1079.36
604.54
805.10
1499.36
1298.63
1059.77
1515.15
876.72
1638.17
604.29
1242.75
1710.97
1597.11
1958.69
1609.88
1465.17
897.00
1780.28
794.67
1540.80
1170.41
1638.06
1343.03
1277.17
1506.30
1560.14
1579.98
1493.98
1951.25
1734.49
1811.77
819.22
1829.83
1333.32
1510.99
1980.22
1675.11
1681.63
503.00
1126.60
1172.64
1885.78
1476.26
1918.52
1690.36
769.49
1617.98
1708.44
1832.50
1090.10
1052.30
827.90
1503.04
2146.50
1031.01
1798.58
1659.13
1247.76
625.25
1627.99
876.02
1483.44
594.22
1119.40
1092.52
1191.44
1772.27
1986.77
838.61
1701.33
829.16
664.86
1093.16
1161.47
732.45
1560.26
1799.00
1181.80
1563.98
1180.21
1323.72
1603.34
1491.98
1158.92
1236.50
1378.24
410.28
703.79
1562.40
1248.81
1190.04
1027.76
1380.84
408.42
958.13
1762.70
829.03
953.46
1497.19
1686.64
1623.56
1074.03
1580.46
1466.13
691.73
1459.48
1852.25
1520.63
1613.68
1773.88
1111.12
1737.62
1520.87
1807.89
1438.39
1276.87
1751.64
1397.45
1780.73
2032.29
1912.82
1872.95
583.11
978.80
1621.33
1333.65
1184.36
1412.85
1103.83
1609.86
1969.89
1855.43
1991.41
1361.83
1032.68
1418.95
1706.93
1693.48
1818.94
678.86
1534.47
518.86
1169.25
1969.94
1532.51
1586.90
1005.64
942.48
1681.63
1421.90
984.33
1475.83
1112.21
1987.30
1646.55
674.56
1223.83
1691.14
1291.98
1280.88
1541.26
1563.99
1105.33
639.18
187.79
1786.86
876.28
1669.57
1885.73
1582.65
1522.36
1975.23
821.95
1367.07
1492.45
1388.12
1291.59
842.17
1936.15
1552.24
1479.65
424.30
1200.62
1549.17
1528.47
1075.13
1850.17
826.01
885.17
1422.06
1286.26
1839.08
1348.13
1203.82
1996.98
2051.75
1839.69
1351.65
1093.50
616.64
1892.21
1382.40
1675.92
81.29
1730.40
1783.16
1682.41
1628.95
1854.75
910.46
318.73
1732.39
1685.93
1658.49
1397.86
1234.55
1094.22
1011.05
791.46
1915.20
973.03
1400.77
1418.99
1095.08
1255.21
1550.91
1934.51
1261.19
570.85
1504.78
1035.53
1619.63
1520.49
1230.91
1751.17
1478.72
1610.57
1962.29
1634.84
1052.10
1436.56
2182.27
1166.87
1524.79
1568.91
1078.50
924.28
1509.15
1011.31
1565.53
769.04
1442.86
987.50
1277.72
1586.13
656.46
1411.33
1954.41
805.10
2157.13
954.78
1087.55
1026.43
1630.01
1756.88
1304.23
1507.21
1290.13
925.23
815.81
1782.69
1225.33
1875.62
1717.57
1724.02
1107.85
1439.01
1408.83
1921.78
1121.44
1420.50
1678.98
765.95
1861.04
1969.48
1902.94
1781.87
1711.21
1120.91
1695.24
291.32
1403.75
1202.77
1400.94
825.98
2131.60
1364.71
1428.27
965.20
1921.11
935.85
139.92
813.78
1064.85
1892.20
1992.15
1778.12
1606.83
1840.86
1272.97
1641.56
992.70
1209.70
1587.87
829.54
831.06
1733.26
1157.50
730.41
1372.97
1715.03
1443.84
1662.56
1840.64
1173.31
1965.23
1701.59
1497.78
1666.90
1440.88
950.76
756.18
1070.44
655.50
1621.57
1643.75
1691.34
1499.69
1165.84
1314.03
1346.30
588.78
1780.17
1816.62
1498.53
1878.96
1580.46
1379.16
2018.64
781.99
1264.77
706.49
1731.27
1457.91
951.88
1216.86
1858.06
1773.66
1670.68
1348.50
841.02
1989.54
849.47
1398.65
1447.95
1252.90
1502.04
1346.76
1440.06
1133.18
886.40
1995.47
1623.55
732.64
1834.91
1376.57
1695.31
602.30
1834.49
1371.71
500.96
1223.59
1080.07
351.07
1387.73
1301.18
1404.62
1712.01
1465.96
1158.78
1768.71
2197.25
672.21
1586.52
684.75
1630.00
1433.18
1182.37
1629.62
1786.18
1879.78
1439.44
1483.96
1578.72
1019.54
1770.01
1451.81
1378.26
1240.06
1747.48
446.11
1050.30
967.44
870.15
1754.41
859.45
1081.77
1915.72
1544.40
1301.51
362.86
1326.81
1053.21
609.03
1079.21
808.18
1588.86
1644.34
1807.73
1517.28
1766.91
840.78
1653.19
1833.30
1569.91
1588.89
2188.92
1198.73
1146.81
1400.06
1242.04
2036.75
1821.40
1519.39
1005.81
1554.21
418.35
1441.93
797.10
1840.82
1462.64
1155.36
1643.30
1535.45
2052.14
1510.73
-146.58
1509.56
1679.01
1035.13
1039.75
1382.30
1525.03
1390.45
906.60
1894.28
1681.49
1614.16
1975.45
1947.92
1602.21
1336.49
1585.26
1627.89
1507.94
418.11
1493.81
1796.28
1265.05
1193.00
1737.68
642.71
551.25
671.29
1797.57
1262.86
